+18175627507
+18175627507
+18175627507
+18172229777
+18175082631
+18175082631
+18175082631
+18177737966
+18177737966
+12148311959
+12148311959
+12148311959
+18177707700
+18177707700
+18172444370
+18172444370
+18172444370
+16829004100
+16829004100
+16829004100
+18176727555
+18175604144
+16822823711
+16822823711
+16822823711
+12144025454
+18178529498
+12147518381
+12143287371
+12143287371
+12143287371
+18176460254
+18174416758
+18174416758
+18174416758
+18179043381
+18179043381
+18179043381
+18174386533
+18174386533
+18174386533
+19728222200
+19728222200
+19728222200
+12145500028
+12145500028
+18174352577
+18174352577
+18174352577
+19722222843
+19722222843
+19722222843
+18177737966
+18177737966
+18177448016
+18177448016
+12143248811
+12143248811
+12143248811
+18172037767
+18177331015
+18177331015
+18177331015
+18173809662
+18173809662
+18173809662
+12148949629
+12148949629
+12148949629
+18666162004
+18666162004
+18666162004
+18179751184
+18174471784
+18174471784
+18174471784
+18176919249
+18177982635
+18177982635
+18172396693
+18172396693
+14695171097
+14695171097
+14695171097
+18179265367
+16824320557
+12143027907
+12143027907
+12143027907
+12147176708
+12147176708
+12147176708
+18174054575
+18174054575
+18174054575
+18172389218
+12147415463
+12147415463
+12147415463
+18179890423
+19722473763
+19722473763
+19722719144
+19722719144
+19722719144
+19724060912
+19724060912
+19724060912
+14692409295
+14692409295
+14692409295
+18177693712
+18177693712
+18177693712
+18174315952
+18174438333
+12144827884
+16822216979
+16822216979
+14699603171
+14699603171
+14699603171
+12147851074
+12147851074
+12143334410
+12143334410
+12143334410
+18173051313
+19722413828
+19722413828
+18174763051
+18174763051
+18174691090
+18174691090
+18174691090
+18178930070
+19726164171
+19726164171
+19726164171
+12148930843
+12148930843
