+18179268400
+18179268400
+18179268400
+19723809300
+19723809300
+19723809300
+18006751302
+18006751302
+14692327220
+14692327220
+14692327220
+14695998980
+12146988443
+12146988443
+12146988443
+18177488379
+18178888249
+18178888249
+12142392699
+12142392699
+12142392699
+18177381756
+18177381756
+18177381756
+18178231075
+18178231075
+18178231075
+14699603511
+14694090110
+14694090110
+14694090110
+14692907377
+18179380489
+18179380489
+18179380489
+14695327474
+19722436700
+19722436700
+19722436700
+18178126495
+18178126495
+19362590222
+19362590222
+19362590222
+18176968800
+18176968800
+18176968800
+18888638858
+18888638858
+18888638858
+18172176059
+14699319867
+14699319867
+14699319867
+18179452011
+18179452011
+18179452011
+18002178110
+18002178110
+18002178110
+18002178110
+18002178110
+18002178110
+16823134066
+16823134066
+18173064567
+14697790606
+12148337663
+12148337663
+12148337663
+18178577663
+18178577663
+18178577663
+19727369468
+19727369468
+19727369468
+14696208306
+12146327177
+14695142917
+14695142917
+14695142917
+14699331291
+14699331291
+14699331291
+16828427663
+16828427663
+16828427663
+18177718726
+18175032177
+18175032177
+18175032177
+18175030625
+18175030625
+12143803237
+12143803237
+12143803237
+12143100958
+12143100958
+12143100958
+18172493338
+18172493338
+16822574631
+16822574631
+18175950500
+18175950500
+18175950500
+14699163433
+14699163433
+14699163433
+12149008930
+12149008930
+12149008930
+18173306001
+18173306001
+18178327088
+19046775384
+12144840950
+12144840950
+18173493129
+18173493129
+18173493129
+18174230880
+18174230880
+18174230880
+18174150067
+18174150067
+18173109077
+18173109077
+12149943408
+12149943408
+16822147533
+16822147533
+16822147533
+18178088026
+18175361553
+18174022493
+18174022493
+18174022493
+18006928851
+18006928851
+18006928851
+18179889509
+14699603707
+18173304169
+18173304169
+18178629117
+18174027663
+18174027663
+18174027663
+18176469815
+18176469815
+18176469815
+18557663777
+18177359031
+18177359031
+18177359031
+19724691102
+19724691102
+19724691102
+18177148682
+18173693600
+18173693600
+18173693600
+18176027070
+18176027070
+18176027070
+18174437005
+18174437005
+18174437005
+19722443705
+19722443705
+19722443705
+18177932344
+18177932344
+12142065123
+12142065123
+12142065123
+18176129662
+18176129662
+18176129662
+18176465061
+18176465061
+16824322260
+18175690090
+18175690090
+18175690090
+18174016033
+18178935044
+18178935044
+18178935044
+18173340161
+18173340161
+18173340161
+18177931939
+18178382299
+18178382299
+18178382299
+16823360389
+16823360389
+18776063131
+18776063131
+18776063131
+12142133230
+18177413700
+18177413700
+18177413700
+14692744900
+14692744900
+16825009214
+16825009214
+14699920047
+14699920047
+18179805099
+18179805099
+18174763214
+18174763214
+19726867663
+19726867663
+19726867663
+18177711445
+18177711445
+18177711445
+19726008259
+19728933374
+12143081131
+18175964103
+18177043409
+18177043409
+18177043409
+18444867786
+18444867786
+18179418061
+14695569402
+14695569402
+19402731178
+19402731178
+19402731178
+18172310171
+18172310171
+18172310171
+19722632938
+19722632938
+19722632938
+18172374444
+18172374444
+18172374444
+12143160153
+12143160153
+12143160153
+18176022057
+18176022057
+18176022057
+18174969888
+19452804624
+18172424480
+18172424480
+18172424480
+18177206465
+18177206465
+18172361620
+18172361620
+18172361620
+18888589010
+18888589010
+18176531350
+18176531350
+18176531350
+18174461000
+18174461000
+12144445265
+12144445265
+12144445265
+18178793407
+18178793407
+18178793407
+18178297103
+16824382151
+16824382151
+18176610149
+18176610149
+19727716488
+19727716488
+19727716488
+14697047953
+19454253643
+19454253643
+19454253643
+14696892661
+12142955500
+12142955500
+18178394451
+18178394451
+18178394451
+19403265646
+19403265646
+18177753540
+18177753540
+18177753540
+12148097350
+12148097350
+12148097350
+14693632609
+14693632609
+14693632609
+18178629064
+18178629064
+18178629064
+18175107663
+18175107663
+18176841088
+18176841088
+14692504546
+14692504546
+14696158193
+14696158193
+14696158193
+18179669605
+18179669605
+19723629647
+19723629647
+19723629647
+16823602561
+18175717809
+18175717809
+18175717809
+19729791070
+19729791070
+19726794640
+19726794640
+19726794640
+14698485194
+18177549484
+18177549484
+18177549484
+18174550117
+18174550117
+18174550117
+18175282991
+18175282991
+18178132017
+18177738067
+18177738067
+18177738067
+16823757787
+18177410558
+18888099976
+18888099976
+18888099976
+18888796818
+18888796818
+18888796818
+18884076634
+18884076634
+18175131513
+18175131513
+18175131513
+18176903203
+18176903203
+18176903203
+18175622022
+18175622022
+16824631900
+12142956213
+12142956213
+12142956213
+18176254351
+18176254351
+18176254351
+18175019715
+18175019715
+18175019715
+18177937797
+18177937797
+18172299363
+18172299363
+18172299363
+16827194435
+16827194435
+12148935693
+12148935693
+18175018660
+14697514018
+14697514018
+14697514018
+18176973007
+19722847827
+19722847827
+19722847827
+12142738831
+16829702446
+16829702446
+18178226961
+18173433836
+18173433836
+18173433836
+12146327177
+18174988466
+19722993070
+18172957827
+18172957827
+18179611520
+18179611520
+12149718838
+12149718838
+12149718838
+18178210323
+18178210323
+18178790568
+14698203830
+14698203830
+18176011830
+18176011830
+18176011830
+18179172700
+18176781873
+18176781873
+12149804366
+18179269794
+14692248545
+14692248545
+14692248545
+19724152865
+14699835041
+12146649587
+14699319867
+14699319867
+14699319867
+19407654606
+19407654606
+12148098078
+12148098078
+12148098078
+16826887727
+16826887727
+16826887727
+18178084561
+18178084561
+19722591558
+19722591558
+19722591558
+12146019304
+18173008195
+18173008195
+18173008195
+19728549212
+19728549212
+19728549212
+18174964631
+18174964631
+18174964631
+19723357325
+19723357325
+19723357325
+18178826520
+18178826520
+18178826520
+18174028171
+18174028171
+18174028171
+14692708037
+14692708037
+14692708037
+18172746777
+18172746777
+18172746777
+18172681500
+18172681500
+18172681500
+12145289897
+12145289897
+12145289897
+14692248531
+14692248531
+18174224847
+18174224847
+18177261369
+18177261369
+19724004707
+19724004707
+19724004707
+14694611996
+14694611996
+14694611996
+18178467175
+12144322593
+12144322593
+12144322593
+12149573948
+12149573948
+12142563796
+12142563796
+12142563796
+14694847507
+19723044431
+19723044431
+19723044431
+14698100444
+14698100444
+18179920871
+18179920871
+18179920871
+18176325600
+18176325600
+18176325600
+18173808823
+18173808823
+18173808823
+14692173916
+12143507770
+12143507770
+12143507770
+18174770999
+18174770999
+18174770999
+18176659391
+18176159971
+18174007663
+18174007663
+18174007663
+12145502875
+12145502875
+12145502875
+18172681500
+18172681500
+18172681500
+12148199800
+12148199800
+12148199800
+18176770085
+18176464004
+18176464004
+18176464004
+12108375501
+12108375501
+12108375501
+19723787663
+19723787663
+19723787663
+18552551975
+18552551975
+18552551975
+19729317898
+19729317898
+19729317898
+18177066070
+18177066070
+18177066070
+14693630187
+19724499336
+19724499336
+19724499336
+18178766649
+18178766649
+18178766649
+14694587663
+14694587663
+12143842082
+12145316944
+12145316944
+12145316944
+19722231765
+19722231765
+19722231765
+18173238736
+18173238736
+18173238736
+19724206500
+19724206500
+19724206500
