+12127871696
+12123158529
+12123158529
+12123158529
+14692799897
+14692799897
+12122454085
+12122454085
+12122454085
+18173854814
+18173854814
+18173854814
+18175466772
+18175466772
+18175466772
+19727624636
+19727624636
+18178088938
+18178200193
+18178200193
+18178200193
+18177279260
+18173799937
+18173799937
+18173799937
+18178629900
+18172924200
+18172924200
+18172924200
+18178879956
+18178879956
+18177200559
+18177200559
+18177200559
+18173774600
+18173774600
+18173774600
+18178100770
+18172511000
+18172511000
+18172511000
+18178887600
+18178887600
+18178887600
+19722651590
+19722651590
+19722651590
+18177275333
+18177275333
+18174433729
+19157312128
+16822535293
+16822535293
+16822535293
+18176703283
+18176703283
+18176703283
+12019479955
+12019479955
+12019479955
+18172855254
+18172855254
+14697798236
+18173679057
+18173679057
+18173679057
+14698071002
+18176622550
+18172290014
+14698490968
+14698490968
+14698490968
+14696389368
+14696389368
+14696389368
+19725918008
+19725918008
+12143778490
+12143778490
+12144325700
+12144325700
+12144325700
+18173467772
+12145222887
+12145222887
+12145222887
+16828167279
+16828167279
+19378181645
+19378181645
+12142161033
+12142161033
+18177310707
+18177310707
+18177310707
+12149193055
+12149193055
+14697728716
+14697728716
+14697728716
+12148657800
+12147538650
+12147538650
+12147538650
+18179842200
+18179842200
+18179842200
+19729546422
+19729546422
+19729546422
+18174840300
+12148337108
+19723923895
+19723923895
+16825931442
+19728002127
+19728002127
+14692470818
+19722962045
+14693099195
+16822248222
+16822248222
+16822248222
+14699036421
+14694129553
+16827729007
+18175337676
+18175337676
+12142350607
+15124662916
+15124662916
+14698091991
+14698091991
+14693968514
+14693968514
+14693968514
+18175289899
+12143395336
+12149847576
+12149847576
