+12126597300
+12126597300
+12126597300
+18172290319
+12128569600
+12128569600
+12128569600
+18174403227
+18174403227
+18174403227
+18178598990
+18178598990
+18178598990
+18178771700
+16824441004
+19724491241
+19724491241
+19724491241
+18777697769
+18777697769
+18777697769
+18176180006
+18176180006
+18176180006
+18003622520
+18003622520
+18003622520
+18174382121
+18174382121
+18174382121
+12142101923
+12142101923
+12142101923
+18178888888
+18178888888
+18178888888
+16822044117
+16822044117
+16822044117
+18555020454
+18555020454
+18555020454
+18177744835
+18177744835
+18177744835
+12147206090
+12147206090
+12147206090
+18176311397
+18176311397
+18176311397
+18177175081
+18177175081
+18177175081
+12142389392
+12142389392
+12142389392
+12146709989
+12146709989
+14697262626
+14697262626
+14697262626
+18884906808
+18173352331
+18173352331
+18173352331
+18173326060
+18173326060
+18173326060
+18175313000
+18175313000
+18175313000
+18555020454
+18555020454
+18555020454
+18179262500
+18179262500
+18179262500
+19728633940
+19728633940
+18882889766
+18882889766
+18882889766
+12149488333
+16822049631
+16822049631
+16822049631
+12145593444
+18888675191
+18888675191
+18888675191
+12148888888
+12148888888
+12148888888
+12144404878
+18177700694
+18178773355
+18178773355
+18178773355
+18173497118
+18173497118
+18173497118
+18178775995
+12149658700
+12149658700
+12149658700
+18173306811
+18173306811
+18173306811
+18172032220
+18172032220
+18172032220
+12149650011
+12149650011
+12149650011
+16822243438
+16822243438
+16822243438
+12145756060
+12145756060
+12145756060
+18179939249
+18179939249
+18179939249
+12143903343
+12143903343
+19723333673
+12147773319
+12147773319
+12147773319
+18176327711
+18176327711
+18176327711
+19723918852
+19723918852
+19723918852
+12149195860
+12149195860
+12149195860
+12149819200
+12149819200
+12149819200
+18173359700
+12142061999
+12142061999
+12142061999
+18173355229
+16822356138
+12149034000
+12149034000
+12149034000
+18172030585
+18172030585
+18172030585
+12143934855
+12143934855
+12143934855
+12143069696
+18176011422
+18176011422
+18176011422
+18179003235
+18179003235
+18173327703
+18173327703
+18173327703
+12148335642
+12148335642
+12148335642
+18883533703
+18883533703
+18883533703
+18173327739
+18173327739
+18173327739
+18175665879
+19726611111
+19726611111
+19726611111
+18179529072
+12148800800
+12148800800
+18174579540
+18174579540
+12145503088
+12145503088
+14695349806
+14695349806
+18175768084
+18174755522
+12149416500
+12149416500
+19728528000
+19728528000
+19728528000
+18668493287
+18668493287
+18447465366
+18447465366
+12147475240
+12147475240
+12147475240
+12144326699
+12144326699
+12144326699
+12145721957
+18174354795
+19726644554
+19726644554
+12144466020
+12144466020
+12144466020
+19725354484
+19725354484
+14694533171
+19723038867
+19723038867
+19723038867
+19728500500
+19728500500
+19728500500
+12146789663
+12143486723
+12143486723
+12143486723
+18173381700
+18173381700
+18173381700
+12145265600
+12145265600
+12145265600
+19722488080
+19722488080
+18174895499
+18174895499
+18174895499
+12148241414
+12148241414
+12148241414
+12147209555
+12147209555
+12147209555
+18173323117
+18173323117
+19729962329
+12142414029
+12142414029
+12142414029
+18178770403
+12145000000
+12149340055
+12149340055
+12143100411
+12143100411
+12147740488
+12146915630
+12146915630
+12146915630
+12142280161
+19728888888
+19728888888
+19728888888
+12144490295
+12124170356
+12124170356
+12124170356
+12147588681
+12147588681
+12143314400
+18178857529
+18178857529
+18178857529
+12148272800
+12148272800
+12148272800
+18179345892
+18179345892
+18179345892
+12146656930
+12146656930
+12145263300
+12145263300
+12145285353
+12145285353
+12145000430
+18173353396
+14696935657
+12148555005
+12148555005
+12148555005
+12147394515
+12147394515
+12147394515
+18178860651
+14695981900
+14695981900
+14695981900
+18179538567
+12149659999
+12149659999
+16822996618
+16822996618
+16822996618
+14693401800
+12145261100
+19729910889
+19729910889
+19729910889
+12142042100
+12142042100
+12142042100
+12149494420
+12149494420
+12149494420
+12143316300
+12143316300
+12148509229
+12148509229
+12147455400
+12147455400
+12147455400
+18668294146
+18007459070
+18007459070
+18007459070
+14692146515
+14692146515
+14692146515
+18174479955
+18173548484
+12143634480
+12143634480
+12143634480
+12149460600
+12149460600
+19728493900
+19728493900
+19728493900
+12148711775
+12148711775
+12148711775
+12142730600
+18175432202
+18175909400
+18175909400
+12145011840
+12145011840
+12144326558
+12144326558
+12144326558
+18174826770
+18174826770
+18174826770
+12142199900
+12142199900
+12142199900
+14698333380
+18179939249
+18179939249
+18179939249
+12146436107
+12146436107
+12146436107
+12142201220
+12142201220
+12142201220
+12143693008
+12143693008
+12143693008
+12146154150
+12146154150
+12146154150
+12142203111
+12142203111
+18173476600
+18173476600
+18173476600
+14699231692
+12144626400
+12144626400
+12144626400
+12147401400
+12147401400
+12147401400
+18173368651
+18173368651
+18173368651
+12147443200
+12147443200
+12147443200
+12147522222
+12147522222
+12147522222
+12147475070
+12147475070
+12147475070
+12147417474
+12145732590
+12147443700
+12147443700
+12147443700
+19727077816
+19727077816
+19727077816
+12147525959
+12147525959
+12147525959
+12145970370
+12142388400
+18447662529
+18447662529
+18447662529
+12147487600
+12147487600
+12149544135
+12149544135
+12149544135
+12146534000
+12146534000
+12146534000
+14698028060
+14698028060
+14698028060
+18173364444
+18173364444
+18173364444
+12146249805
+12146249805
+12146249805
+19725034033
+19725034033
+19725034033
