+18177153115
+18177153115
+19722234448
+19722234448
+19722234448
+18174655555
+18174655555
+18174655555
+19728858434
+19728858434
+14696693902
+14696693902
+14696693902
+18178857979
+18178857979
+18178857979
+19723221690
+19723221690
+12142139249
+15056109389
+15056109389
+14692504546
+14692504546
+18173361161
+18173361161
+18173361161
+12148560898
+12148560898
+12148560898
+18179921104
+18179921104
+18179921104
+18177316363
+19722190729
+19722190729
+19722190729
+14693242888
+14693242888
+14693242888
+19728855053
+19174384500
+19174384500
+19174384500
+18175079692
+18175079692
+18175079692
+12148757510
+18175353451
+16825566572
+16825566572
+18172447730
+18172447730
+18172447730
+18177845998
+18172351651
+18172351651
+18172351651
+18175165153
+18175165153
+18175165153
+12149849228
+12149849228
+12149849228
+16822226511
+14695142917
+14695142917
+14695142917
+14694568833
+19729472226
+19729472226
+19729472226
+18172444911
+14694200450
+14694200450
+14694200450
+12143895130
+12143895130
+12143895130
+18178888827
+18178888827
+18178888827
+16823300577
+12146766055
+14692155606
+14692155606
+19725323340
+19725323340
+14697224252
+14697224252
+14697224252
+18179207800
+12148691015
+14699643653
+14699643653
+18178297997
+18178297997
+18178297997
+12149799900
+12149799900
+12149799900
+12146607663
+12146607663
+12146607663
+18178826594
+18178826594
+18178826594
+18173819995
+18173819995
+12148799948
+12148799948
+12148799948
+18175690090
+18175690090
+18175690090
+19722911800
+19722911800
+19722911800
+12148657611
+12148657611
+12148657611
+16822919987
+16822919987
+16822919987
+19725292444
+19725292444
+19725292444
+14695673346
+12145484733
+16823127888
+16823127888
+16823127888
+18884381840
+18884381840
+18884381840
+19726210126
+19726210126
+19726210126
+12148431116
+12148431116
+12148431116
+18177937797
+18888638858
+18888638858
+18888638858
+19727865849
+12144363757
+12144363757
+12144363757
+12144669904
+12144669904
+18172435950
+16515004390
+16515004390
+16515004390
+14695569402
+14695569402
+18773346610
+18773346610
+14696565402
+14696565402
+18172040770
+18172040770
+18172040770
+18172256807
+18172256807
+18174319636
+18174319636
+18174319636
+14698470085
+14698470085
+14698470085
+18178857851
+18178857851
+18178857851
+18174292443
+18174292443
+18174292443
+14692152559
+19723176364
+14692389381
+14692389381
+14692389381
+18173358274
+18173358274
+18173358274
+19722008372
+14692521261
+14692521261
+19722478666
+14698311435
+14696161110
+19723427232
+19723427232
+14693780648
+18177738349
+19722190729
+19722190729
+19722190729
+18176401200
+18176401200
+18176401200
+19726451654
+19726451654
+19726451654
+14694200779
+12149412563
+12149412563
+12149412563
+19722633223
+19722633223
+19722633223
+12147256498
+15628416329
+14698254000
+14692857939
+14692857939
+14692857939
+18174691090
+18174691090
+18174691090
+19722479500
+19722479500
+19722479500
+14692484208
+14692484208
+14692484208
+12144346320
+12144346320
+12144346320
+14692684091
+14692684091
+14692684091
+12149623000
+12149623000
+12149623000
+18178388700
+18178388700
+18178388700
+18176267300
+18176267300
+18176267300
+18173504332
+18173504332
+18173504332
+18175712320
+18175712320
+18175712320
+19722834444
+19722501170
+19722501170
+19722501170
+12144928900
+12144928900
+12144928900
+19725870486
+19725870486
+19725870486
+16822002189
+16822002189
+16822002189
+19728911894
+19728911894
+19728911894
+12143476869
+14699938537
+14699938537
+19726209540
+19726209540
+19726209540
+14695693551
+14695693551
+14695693551
+19402770800
+19032677812
+13257215817
+13257215817
+12143244779
+12143244779
+12143244779
+18178478660
+19727197801
+19727197801
+19727197801
+12146980059
+12146980059
+12146980059
+14699319867
+14699319867
+14699319867
+12143991770
+12142394722
+12142394722
+12142394722
+18175668180
+18175668180
+18175668180
+14697379994
+14697379994
+14697379994
