+15516514029
+18173676000
+18173676000
+18173676000
+18173951200
+18173951200
+18173951200
+12148318061
+16827031242
+16827031242
+18179003858
+18179003858
+18179003858
+18176781287
+18176781287
+18176781287
+18177343073
+16823243936
+16823243936
+18172415893
+18172415893
+18172415893
+18178887313
+18178887313
+18178887313
+18177665706
+18177665706
+18177665706
+18178000340
+18178000340
+18178000340
+18179934822
+18179934822
+18178017084
+18178017084
+18178017084
+18178864506
+18178864506
+18178864506
+18176189916
+18176189916
+18176189916
+18175005354
+18175005354
+18175005354
+18175350881
+18175350881
+18175350881
+18178393511
+18178393511
+18178393511
+16822823711
+16822823711
+16822823711
+12149458799
+12149458799
+12149458799
+18179010001
+18179010001
+18172918559
+18172931160
+18172931160
+18175604300
+18175604300
+19725042079
+19725042079
+19725042079
+18175001523
+18175001523
+12145566792
+12145566792
+12145566792
+18173327979
+18173327979
+18173327979
+18177378423
+14695574455
+14695574455
+14695574455
+16823270948
+16823270948
+16823270948
+12148949629
+12148949629
+12148949629
+19725446921
+19725446921
+19725446921
+19722013253
+19722013253
+19722013253
+18177693712
+18177693712
+18177693712
+18177753295
+18177753295
+18177753295
+18177448016
+18177448016
+12143935499
+12143935499
+12143935499
+18178313950
+18172426688
+19727032471
+19727032471
+19727032471
+12147427252
+12147427252
+12147427252
+12143409421
+12143409421
+12143409421
+12142610034
+12142610034
+12142610034
+18176162200
+18176162200
+18176162200
+14699603171
+14699603171
+14699603171
+19724026198
+19724026198
+19724026198
+12142251974
+12142251974
+12142251974
+19459987066
+19459987066
+18176094676
+12148315551
+12148315551
+12148315551
+12143248811
+12143248811
+12143248811
+12143047658
+18172843332
+18172843332
+18172843332
+12143811445
+12143811445
+12143811445
+18172368482
+18172368482
+18172368482
+18176703144
+18179252613
+18179252613
+12143811127
+12143811127
+12143811127
+19723724932
+19723724932
+19723724932
+19722231532
+19722231532
+12149468423
+19722147002
+19722147002
+19722147002
+18177834343
+18177834343
+18177834343
+14695645918
+18178629856
+18178629856
+18178629856
+14696587251
+18173490083
+12143647885
+12144667557
+12144667557
+12144667557
+18173672074
+18775775862
+18775775862
+18775775862
+18179093644
+18179093644
+18179093644
+18174823426
+18174823426
+18174823426
+18179662665
+18172222600
+18172222600
+18172222600
+18178452069
+18178452069
+18178846328
+18179215434
+18179215434
+18179215434
+18178890616
+18178890616
+18178890616
+12149346728
+12149346728
+14693830165
+16822042415
+16822042415
+16822042415
+12143570835
+12143570835
+12143570835
+18178641789
+18178641789
+18178641789
+14694568833
+18176747522
+18176747522
+18176747522
+18173864084
+18173864084
+18173864084
+18175296087
+18175296087
+18175296087
+18176467044
+18176467044
+18176467044
+12142160095
+12142160095
+12142160095
+14696321976
+14696321976
+14696321976
