+14696340316
+14696340316
+18176571341
+12142357251
+12142357251
+12142357251
+19723621804
+19723621804
+19723621804
+18176008376
+12146130481
+12146130481
+18174017841
+18174017841
+18175852993
+18172524847
+18172524847
+16822927059
+18176087113
+18176087113
+18176087113
+13149609446
+12147895114
+12147895114
+18179053601
+16824088261
+18174968422
+18174968422
+18174968422
+14249006382
+19729267007
+19729267007
+19729267007
+19722309200
+19723133885
+19723133885
+12145535333
+12145535333
+16823338704
+18179045397
+18178081323
+18178081323
+12144344122
+18173735720
+18173735720
+18174098918
+18174098918
+18174098918
+12144321383
+12144321383
+12144321383
+18178477111
+14698332891
+16824786088
+16824786088
+12147281977
+12147281977
+14692532564
+18178398271
+18178398271
+18174818606
+18174818606
+18174818606
+18177693712
+18177693712
+18177693712
+18173735093
+18173735093
+18173735093
+18176263336
+16824143213
+12149076761
+12149076761
+12149076761
+18177172361
+18174017841
+18174017841
+18178034444
+18178034444
+18178034444
+18178132805
+14694063997
+18173808887
+19724409952
+19724409952
+19724409952
+18177210264
+18174880126
+18174880126
+18174880126
+18179210054
+12143294567
+12143294567
+12143294567
+19723277064
+12147300463
+12144684041
+12144684041
+12144684041
+18175876304
+18175876304
+14693629792
+14693629792
+14693629792
+12143910040
+12143910040
+12143910040
+18173209721
+18176568455
+18176568455
+18176568455
+18177432171
+18176541618
+18173086444
+18172376299
+18172376299
+18172376299
+18177693766
+18177693766
+12142958910
+12142958910
+12147189383
+12147189383
+12147189383
+12143281333
+12147176708
+12147176708
+12147176708
+18173072212
+18173072212
+18178342001
+18178342001
+18178342001
+18175417550
+18175417550
+18175417550
+18173695423
+19726164171
+19726164171
+19726164171
+12144635046
+18178319593
+18178319593
+19407657043
+19407657043
+19407657043
+12143399306
+12143399306
+19727900335
+19727900335
+19727900335
+12143918000
+12143918000
+12146384541
+19724180691
+19724180691
+19724180691
+18174418633
+18174418633
+14697679954
+19725141579
+19724842717
+19724842717
+19724842717
+12143248811
+12143248811
+12143248811
+14697924465
+14692611503
+14692611503
+14692611503
+14697902019
+16825825500
+16825825500
+12146832375
+12146832375
+18177130359
+14699144390
+14699144390
+14699144390
+12148930843
+12148930843
+18176130819
+18176130819
+18176130819
