+12143395263
+17183847600
+17183847600
+17183847600
+12143662103
+12143662103
+12143662103
+12146177725
+12143508350
+12143508350
+12143508350
+14696664460
+14696664460
+14696664460
+18178635609
+18178635609
+18178635609
+14694559733
+12149893314
+12149976842
+19729032749
+14699723137
+14693309987
+14693309987
+12142754998
+12142754998
+12142754998
+16823805754
+18175778881
+18175778881
+18175778881
+18174519675
+18174519675
+18177230814
+18177230814
+18179444592
+12143500881
+12145646252
+12145646252
+12145646252
+19723710328
+19723710328
+19723710328
+16825593611
+16825593611
+18172980239
+18172980239
+12145313369
+12145313369
+12145313369
+18179370204
+19725769985
+19725769985
+19725769985
+12146591669
+12146591669
+12146591669
+12145313077
+12145313077
+12145313077
+18179266220
+18179266220
+18179266220
+18177590102
+18177590102
+18177590102
+12149353960
+12149353960
+12149353960
+12149975070
+12149975070
+12144978555
+12144978555
+12144978555
+12148649815
+12142084043
+12142084043
+12147449100
+12147449100
+12147449100
+12149150910
+12149150910
+12149150910
+12148155161
+12148155161
+12149567977
+12149567977
+12149567977
+12149412841
+12149412841
+12146249865
+12146249865
+12146249865
+16829783523
+16829783523
+12142931501
+18177793429
+18177793429
+18177076433
+18177076433
+14698716634
+14698716634
+14698716634
+18174882718
+18174882718
+18174882718
+12148935709
+18172105405
+18179950324
+18179950324
+18173490580
+18173490580
+14698203830
+14698203830
+19723664878
+12149426658
+12149426658
+12149426658
+14694273813
