+18178860848
+18178860848
+18175773554
+18175773554
+14692589458
+14692589458
+16825642372
+18178864972
+18178864972
+18178864972
+18174688859
+18174688859
+18174688859
+18172639788
+18172639788
+18172639788
+12147990079
+12147990079
+18177325541
+18177325541
+18177325541
+18176468760
+18176468760
+18176468760
+12143923043
+12143923043
+12143923043
+18179957467
+18179957467
+18179957467
+18173431173
+18173431173
+18173431173
+18178826019
+18173196939
+18179083882
+18179083882
+14698092424
+12147486088
+12147486088
+12147486088
+18173327576
+18178470250
+18175929970
+18175929970
+18175929970
+19724693661
+19729555074
+19729555074
+19729555074
+18172694901
+18172694901
+18172694901
+19722450640
+19722450640
+19722450640
+18173320069
+19727581151
+19727581151
+19727581151
+19725446282
+16822996114
+16822996114
+16822996114
+18177813806
+18179957467
+18179957467
+18179957467
+18177706558
+19722882080
+19722882080
+19722882080
+18179385438
+18179247872
+19729610702
+18174388003
+12146921991
+12146921991
+12146921991
+18172049146
+19724384376
+19402209099
+19402209099
+19722864316
+19722864316
+14697548913
+14697548913
+14697548913
+18173788086
+18173788086
+18173788086
+18174399502
+18174399502
+18174399502
+18173530492
+18173530492
+18173530492
+18174003362
+18174003362
+12144921005
+12144921005
+12144921005
+16827773735
+12147645669
+14696891818
+19728981307
+19724921370
+19724921370
+19724921370
+18176053363
+18176053363
+14696177728
+14696177728
+16104776675
+16104776675
+16104776675
+12144257232
+12144257232
+12147021902
+12147021902
+12147021902
+14696208306
+18179460700
+18179460700
+18175352127
+12144905858
+19728814244
+19728814244
+19728814244
