+12147332371
+19725296900
+12143902840
+14698093059
+19035056445
+19728460508
+12144423240
+19728535400
+19723470719
+14699566391
+14693737439
+19726323010
+12146246348
+14698858106
+14693892010
+19728330050
+14696787998
+19728775774
+14692728847
+19727369854
+14694302094
+14697078789
+19727713134
+16092158753
+12018939634
+12017401100
+15513602343
+12147330575
+12015349111
+19737481110
+19738603001
+12016540055
+19085605955
+12013121352
+19086241234
+18564206435
+12017941234
+19083334800
+19722656378
+14695450453
+19728000778
+19032742414
+19728000308
+19089262788
+14695518279
+12012001048
+19034145179
+14696942469
+14693424424
+19734714060
+19086275226
