+18174393220
+18174393220
+18174393220
+16822673255
+18178269798
+18176882642
+14697549677
+14699492087
+12147533284
+16829705887
+19729228156
+19729228156
+19729228156
+14698333483
+18178311240
+18178311240
+18178311240
+12147719156
+18174066920
+18174066920
+18174066920
+18176741200
+18176741200
+18174316184
+18174316184
+18174316184
+18172581610
+16826265561
+16826265561
+16826265561
+18177059020
+14694595552
+18175640188
+18175640188
+18175640188
+19723664878
+18178739699
+18178803313
+18174427748
+18174927045
+18172396737
+18172396737
+18172396737
+19403737772
+19403737772
+19403737772
+12146317006
+12146317006
+12146317006
+18178345534
+18178392212
+18175055204
+18175055204
+18175055204
+19727488203
+19727488203
+19727488203
+19726476760
+19726476760
+19726476760
+16822876611
+16822876611
+16822876611
+18174203394
+12143072510
+12143072510
+19724451074
+19724451074
+19724451074
+19405949257
+14693378802
+14693378802
+14693378802
+12146635848
+12146635848
+12146635848
+18173819259
+19722868852
+19722868852
+19722868852
+12145791825
+12145791825
+12145791825
+12143504436
+12143504436
+12143504436
+16822286025
+16822286025
+16822286025
+18174108000
+16824333271
+19727504901
+19727504901
+18174292443
+18174292443
+18174292443
+18177985656
+18177985656
+18177985656
+18178212394
+12146060727
+14697042729
+12146132494
+18179451223
+18179451223
+18179451223
+12149412563
+12149412563
+12149412563
+12145660917
+19724385533
+19724385533
+19724385533
+18175341122
+18175341122
+18175341122
+12143476869
+18172448885
+18172448885
+18172448885
+12148560898
+12148560898
+12148560898
+12146098022
+18172322442
+19724842277
+19724842277
+19724842277
+14699894444
+19724996393
+19724996393
+19724996393
+12142122980
+12142122980
+18177402400
+18177402400
+18177402400
+19724752271
+19722479500
+19722479500
+19722479500
+12149579710
+19722633223
+19722633223
+19722633223
+12144911798
+12144911798
+19722381600
+19722381600
+19722381600
+18173202556
+18173202556
+18173202556
+12149898944
+19725140055
+19725140055
+19725140055
+12147082169
+12147082169
+12147082169
+12392677766
+12392677766
+12392677766
+12148930843
+12148930843
+14692880565
+14693387666
+14693387666
+14693387666
+18177937797
+18174392022
+18174392022
+18174392022
+16822730338
